[[0,0,2,3],
[0,1,2,3],
[0,2,3],
[0,3,3],
[0,4,3],
[0,5,3],
[0,6,3],
[0,7,3],
[0,8,3],
[0,9,1,3],
[0,10,1,3],
[1,0,2,4],
[1,1,2,4],
[1,2,4],
[1,3,4],
[1,4,4],
[1,5,4],
[1,6,4],
[1,7,4],
[1,8,4],
[1,9,1,4],
[1,10,1,4],
[2,0,2],
[2,1,2],
[2,2,0],
[2,3,0],
[2,4,0],
[2,5,0],
[2,6,0],
[2,7,0],
[2,8,0],
[2,9,1],
[2,10,1],
[3,0,2],
[3,1,2],
[3,2,0],
[3,3,0],
[3,4,0],
[3,5,0],
[3,6,0],
[3,7,0],
[3,8,0],
[3,9,1],
[3,10,1],
[4,0,2,3],
[4,1,2,3],
[4,2,3],
[4,3,3],
[4,4,3],
[4,5,3],
[4,6,3],
[4,7,3],
[4,8,3],
[4,9,1,3],
[4,10,1,3],
[5,0,2,4],
[5,1,2,4],
[5,2,4],
[5,3,4],
[5,4,4],
[5,5,4],
[5,6,4],
[5,7,4],
[5,8,4],
[5,9,1,4],
[5,10,1,4],
[6,0,2],
[6,1,2],
[6,2,0],
[6,3,0],
[6,4,0],
[6,5,0],
[6,6,0],
[6,7,0],
[6,8,0],
[6,9,1],
[6,10,1],
[7,0,2],
[7,1,2],
[7,2,0],
[7,3,0],
[7,4,0],
[7,5,0],
[7,6,0],
[7,7,0],
[7,8,0],
[7,9,1],
[7,10,1],
[8,0,2,3],
[8,1,2,3],
[8,2,3],
[8,3,3],
[8,4,3],
[8,5,3],
[8,6,3],
[8,7,3],
[8,8,3],
[8,9,1,3],
[8,10,1,3],
[9,0,2,4],
[9,1,2,4],
[9,2,4],
[9,3,4],
[9,4,4],
[9,5,4],
[9,6,4],
[9,7,4],
[9,8,4],
[9,9,1,4],
[9,10,1,4]]